#hoja
102,172,102	104,171,102	108,175,106	98,165,94	87,153,81
101,171,99	106,173,104	103,170,103	97,162,96	88,153,85
102,169,102	105,171,107	99,165,103	94,160,98	87,153,89
105,170,106	103,169,107	99,165,104	90,158,97	85,154,91
111,172,113	105,169,109	95,163,104	89,159,97	84,154,91
70,128,67	72,130,69	68,123,65	63,116,62	63,113,62
69,128,70	71,130,74	70,129,73	85,142,87	68,123,68
67,127,65	69,130,63	68,129,62	70,130,66	75,135,73
67,127,63	63,124,57	66,127,60	69,129,67	78,136,77
67,126,62	66,125,59	70,129,65	67,125,64	71,129,71
139,191,80	138,192,81	129,186,79	125,183,80	118,176,74
140,189,80	130,183,75	128,185,78	117,178,74	116,177,74
136,187,84	128,180,79	113,168,67	107,163,64	109,165,68
110,174,77	99,163,67	96,159,68	90,153,64	89,154,64
76,145,56	74,144,58	73,142,59	76,148,66	76,148,66
74,126,60	67,124,55	67,122,54	60,115,48	57,109,45
93,145,79	86,141,73	81,136,68	72,125,57	65,118,50
96,151,86	94,149,81	90,143,75	86,137,70	82,133,64
89,150,83	94,149,82	87,142,74	85,142,71	84,141,70
95,150,83	93,150,82	88,147,79	88,148,78	80,141,72
82,148,61	72,139,59	75,142,63	75,140,58	81,146,62
83,145,59	73,136,57	75,137,60	67,130,51	67,132,48
79,137,50	74,131,52	68,126,50	58,119,42	60,125,45
74,130,43	72,126,48	59,113,38	57,113,38	62,124,47
62,115,27	63,114,37	57,108,39	57,113,42	65,123,46
83,141,80	77,135,76	80,135,77	84,138,80	90,141,84
82,142,80	78,138,78	75,135,75	76,134,73	90,145,87
87,141,79	80,136,75	79,137,79	76,134,76	80,133,79
90,146,83	81,139,80	77,135,77	77,132,75	83,132,77
87,147,85	79,139,79	79,137,79	81,134,78	82,129,75
77,123,76	71,118,74	64,112,72	59,109,72	59,114,72
81,123,75	79,121,75	71,114,71	66,111,72	68,113,74
82,129,75	81,126,71	71,118,66	69,115,68	69,116,70
84,135,79	80,131,74	71,121,68	67,119,70	71,123,74
85,135,84	82,132,79	72,124,75	71,124,78	73,125,77
79,140,80	81,141,81	82,140,81	83,138,80	87,138,81
83,143,79	83,142,78	85,141,78	84,140,79	89,136,82
84,143,77	84,140,75	84,140,75	87,141,81	90,137,85
85,141,76	82,138,73	82,136,74	84,138,78	88,136,84
83,137,79	81,135,75	79,133,75	79,132,76	83,136,82
#flor
251,155,42	254,159,39	252,155,42	254,153,37	247,146,32
249,156,35	253,149,36	254,149,40	253,153,42	243,145,34
246,153,34	253,149,36	253,147,35	248,146,35	243,143,31
246,149,34	251,147,34	253,145,36	246,141,32	237,135,27
251,149,38	251,147,34	248,141,35	247,142,37	234,132,31
250,180,58	249,180,59	250,181,60	250,178,58	250,179,61
248,180,57	243,177,55	247,182,62	247,181,61	249,182,65
252,186,64	252,190,67	243,181,60	245,185,63	247,184,68
255,186,65	253,188,68	252,190,69	248,188,68	248,189,69
254,185,64	251,187,64	249,187,64	247,188,68	252,193,75
247,177,53	237,168,41	230,162,37	227,162,36	238,174,48
230,160,38	224,154,32	219,150,23	237,176,49	254,199,73
224,154,32	221,151,30	217,149,26	251,189,66	255,204,81
220,148,28	216,144,26	210,141,22	252,190,69	255,200,77
221,146,27	216,141,24	216,145,27	249,184,64	254,194,72
239,158,51	240,160,49	254,160,46	250,159,44	247,156,42
241,152,50	245,152,46	245,150,40	242,150,39	240,148,39
243,147,47	241,142,41	240,147,43	241,148,45	236,142,44
231,139,40	234,140,42	230,137,34	230,136,36	229,132,35
218,130,33	216,130,31	219,130,30	218,128,31	217,124,31
255,154,37	255,160,37	255,168,42	255,168,39	254,171,33
255,160,45	252,163,37	255,170,44	254,169,42	255,173,37
255,167,44	252,171,38	254,176,42	252,173,44	255,179,41
254,169,42	253,175,39	253,177,40	253,176,44	255,180,42
253,169,45	255,173,38	255,176,41	255,177,46	253,178,37
#Florsenescente
252,218,108	253,219,109	253,219,111	253,223,109	254,224,110
248,216,103	249,218,102	249,218,101	249,213,101	253,217,103
246,212,104	245,214,98	245,215,95	246,216,96	248,218,98
239,213,90	243,213,91	249,212,95	248,213,95	250,218,97
242,209,94	240,209,93	242,212,98	241,208,95	242,211,95
233,213,114	240,217,115	247,215,114	249,216,113	249,216,111
235,211,103	241,213,104	243,212,106	247,215,106	247,215,104
229,204,86	242,212,98	242,214,104	241,214,99	243,214,97
221,200,75	232,206,85	241,211,97	240,211,94	244,215,97
219,200,72	229,201,78	239,203,89	239,206,90	242,212,90
216,170,85	205,160,75	220,180,92	218,181,90	203,166,77
206,165,77	220,180,92	223,186,95	215,179,85	209,172,81
207,170,81	220,183,94	220,185,91	218,183,89	210,174,80
201,167,78	217,183,93	217,182,88	214,179,85	211,176,84
200,170,84	206,174,87	209,176,83	212,177,85	209,174,84
123,105,65	192,169,127	224,195,151	231,200,154	223,196,143
220,186,138	233,203,149	215,189,132	218,192,135	224,196,133
223,187,135	200,170,108	200,171,101	222,190,115	243,208,127
188,158,96	191,161,89	223,190,109	246,210,122	239,203,115
190,156,84	220,183,103	250,210,123	243,208,118	191,165,78
215,198,126	250,228,152	252,229,151	248,229,153	241,225,150
253,227,150	245,220,138	247,224,144	244,225,148	245,227,155
244,225,146	241,224,146	240,221,145	244,222,149	251,227,157
246,224,149	251,227,155	246,219,150	244,215,149	248,218,154
244,221,153	246,218,153	246,214,153	239,207,148	226,200,141
#Fondo
35,47,59	36,48,60	36,50,61	32,46,57	34,48,61
32,48,61	31,47,60	32,48,61	27,43,56	32,45,61
31,49,63	30,48,62	29,47,61	26,42,57	29,45,60
33,49,64	31,47,62	30,46,61	29,45,60	31,47,62
34,47,63	33,46,62	29,45,60	30,46,61	30,46,59
37,46,55	36,45,54	32,42,51	32,42,51	29,42,50
34,44,54	33,43,53	32,42,52	32,42,52	29,42,51
35,43,54	34,42,53	32,42,52	32,42,52	31,41,51
35,43,54	34,42,53	33,41,52	33,41,52	32,40,51
33,43,53	32,42,52	31,41,50	32,41,50	32,41,50
51,69,73	49,67,69	50,66,66	48,62,63	50,61,63
67,91,91	54,76,74	52,72,70	47,66,64	48,62,63
107,127,128	79,99,98	57,77,76	45,63,63	46,62,62
137,148,154	120,134,137	92,106,109	73,87,88	55,69,70
107,110,117	140,145,151	132,139,145	99,108,113	79,89,91
63,72,81	63,69,81	64,68,80	92,94,106	128,126,139
65,75,76	67,77,79	63,72,77	86,97,103	108,115,123
95,103,106	80,90,92	63,73,75	82,91,98	104,108,117
78,88,97	80,90,99	76,85,94	74,81,91	101,105,114
73,89,104	68,80,96	70,79,96	75,81,93	94,96,108
100,98,109	99,98,106	91,91,99	95,98,107	84,93,102
113,108,115	114,109,113	125,123,126	137,136,141	110,119,118
116,114,117	114,110,109	136,136,134	142,147,143	105,112,104
120,110,111	130,120,118	160,155,151	131,130,126	98,104,94
125,110,113	142,128,127	178,170,167	136,132,129	87,92,86
100,98,109	99,98,106	91,91,99	95,98,107	84,93,102
113,108,115	114,109,113	125,123,126	137,136,141	110,119,118
116,114,117	114,110,109	136,136,134	142,147,143	105,112,104
120,110,111	130,120,118	160,155,151	131,130,126	98,104,94
125,110,113	142,128,127	178,170,167	136,132,129	87,92,86
47,60,79	44,57,74	41,54,71	39,52,69	38,51,68
49,62,78	52,64,80	51,63,79	47,58,76	45,56,74
42,58,74	52,65,81	56,68,84	56,67,85	59,67,88
32,49,67	38,54,70	42,55,74	46,57,77	51,62,84
29,47,67	31,49,69	33,48,69	37,49,71	42,52,77